1998 03 25 25.25 11.9375
1998 04 27 25.5 13.5625
1998 05 27 26.75 15.625
1998 06 26 27.375 15.5625
1998 07 24 27.58 17.1875
1998 09 29 28 17.9375
1998 11 24 30.25 19.3125
1998 12 08 30.25 19.625

1999 01 26 30.25 21.1875
1999 04 26 31.5 21.9375
1999 08 05 33.75 22.8125
1999 11 02 35 24.5

2000 01 25 35.75 25.25
2000 09 08 37 28.125

2001 01 16 38 29

2002 03 07 42.5 34.5
2002 10 04 43 35.5
2002 11 04 43.25 37

2003 01 03 43.75 37.5
2003 03 10 43.75 39.5
2003 07 31 44 39
2003 09 26 44 39
2003 12 29 45.5 39

2004 03 19 46 41.75
2004 08 17 47 43.5
