0
300
1.0e-6
10
21
000001
128
50
64
64
16
000002
128
50
64
64
16
000003
128
50
64
64
16
000004
128
50
64
64
16
000005
128
50
64
64
16
000006
128
50
64
64
16
000007
128
50
64
64
16
000008
128
50
64
64
16
000009
128
50
64
64
16
000010
128
50
64
64
16
000011
128
50
64
64
16
000012
128
50
64
64
16
000013
128
50
64
64
16
000014
128
50
64
64
16
000015
128
50
64
64
16
000016
128
50
64
64
16
000017
128
50
64
64
16
000018
128
50
64
64
16
000019
128
50
64
64
16
000020
128
50
64
64
16
000100
2560
100
64
64
16
