principal interest years  payment total_payment
   200000        5    20  1319.91        316779
   200000        5    25  1169.18        350754
   200000        5    30  1073.64        386512
   200000      5.1    20  1330.98        319436
   200000      5.1    25  1180.86        354259
   200000      5.1    30   1085.9        390924
   200000      5.2    20  1342.11        322106
   200000      5.2    25   1192.6        357781
   200000      5.2    30  1098.22        395360
   200000      5.3    20  1353.28        324787
   200000      5.3    25   1204.4        361321
   200000      5.3    30  1110.61        399819
   200000      5.4    20   1364.5        327481
   200000      5.4    25  1216.26        364878
   200000      5.4    30  1123.06        404302
   200000      5.5    20  1375.77        330186
   200000      5.5    25  1228.17        368452
   200000      5.5    30  1135.58        408808
   200000      5.6    20   1387.1        332903
   200000      5.6    25  1240.15        372044
   200000      5.6    30  1148.16        413337
   200000      5.7    20  1398.46        335631
   200000      5.7    25  1252.18        375653
   200000      5.7    30   1160.8        417888
   200000      5.8    20  1409.88        338372
   200000      5.8    25  1264.26        379279
   200000      5.8    30  1173.51        422462
   200000      5.9    20  1421.35        341124
   200000      5.9    25   1276.4        382921
   200000      5.9    30  1186.27        427058
   200000        6    20  1432.86        343887
   200000        6    25   1288.6        386581
   200000        6    30   1199.1        431676
   200000      6.1    20  1444.42        346662
   200000      6.1    25  1300.86        390257
   200000      6.1    30  1211.99        436316
   200000      6.2    20  1456.03        349448
   200000      6.2    25  1313.16        393949
   200000      6.2    30  1224.94        440978
   200000      6.3    20  1467.69        352246
   200000      6.3    25  1325.53        397658
   200000      6.3    30  1237.95        445660
   200000      6.4    20   1479.4        355055
   200000      6.4    25  1337.94        401383
   200000      6.4    30  1251.01        450364
   200000      6.5    20  1491.15        357875
   200000      6.5    25  1350.41        405124
   200000      6.5    30  1264.14        455089
   200000      6.6    20  1502.94        360707
   200000      6.6    25  1362.94        408881

principal interest years  payment total_payment
   200000      6.6    30  1277.32        459834
   200000      6.7    20  1514.79        363549
   200000      6.7    25  1375.51        412654
   200000      6.7    30  1290.56        464600
   200000      6.8    20  1526.68        366403
   200000      6.8    25  1388.14        416443
   200000      6.8    30  1303.85        469386
   200000      6.9    20  1538.62        369268
   200000      6.9    25  1400.83        420248
   200000      6.9    30   1317.2        474192
   200000        7    20   1550.6        372143
   200000        7    25  1413.56        424068
   200000        7    30   1330.6        479018
   220000        5    20   1451.9        348457
   220000        5    25   1286.1        385829
   220000        5    30  1181.01        425163
   220000      5.1    20  1464.08        351380
   220000      5.1    25  1298.95        389685
   220000      5.1    30  1194.49        430016
   220000      5.2    20  1476.32        354317
   220000      5.2    25  1311.86        393559
   220000      5.2    30  1208.04        434896
   220000      5.3    20  1488.61        357266
   220000      5.3    25  1324.84        397453
   220000      5.3    30  1221.67        439801
   220000      5.4    20  1500.95        360229
   220000      5.4    25  1337.89        401366
   220000      5.4    30  1235.37        444732
   220000      5.5    20  1513.35        363204
   220000      5.5    25  1350.99        405298
   220000      5.5    30  1249.14        449689
   220000      5.6    20   1525.8        366193
   220000      5.6    25  1364.16        409249
   220000      5.6    30  1262.97        454671
   220000      5.7    20  1538.31        369195
   220000      5.7    25  1377.39        413218
   220000      5.7    30  1276.88        459677
   220000      5.8    20  1550.87        372209
   220000      5.8    25  1390.69        417207
   220000      5.8    30  1290.86        464708
   220000      5.9    20  1563.48        375236
   220000      5.9    25  1404.05        421214
   220000      5.9    30   1304.9        469764
   220000        6    20  1576.15        378276
   220000        6    25  1417.46        425239
   220000        6    30  1319.01        474844
   220000      6.1    20  1588.87        381328
   220000      6.1    25  1430.94        429282
   220000      6.1    30  1333.19        479948
   220000      6.2    20  1601.64        384393

principal interest years  payment total_payment
   220000      6.2    25  1444.48        433344
   220000      6.2    30  1347.43        485075
   220000      6.3    20  1614.46        387470
   220000      6.3    25  1458.08        437424
   220000      6.3    30  1361.74        490226
   220000      6.4    20  1627.33        390560
   220000      6.4    25  1471.74        441521
   220000      6.4    30  1376.11        495401
   220000      6.5    20  1640.26        393663
   220000      6.5    25  1485.46        445637
   220000      6.5    30  1390.55        500598
   220000      6.6    20  1653.24        396777
   220000      6.6    25  1499.23        449770
   220000      6.6    30  1405.05        505818
   220000      6.7    20  1666.27        399904
   220000      6.7    25  1513.07        453920
   220000      6.7    30  1419.61        511060
   220000      6.8    20  1679.35        403043
   220000      6.8    25  1526.96        458088
   220000      6.8    30  1434.24        516325
   220000      6.9    20  1692.48        406195
   220000      6.9    25  1540.91        462272
   220000      6.9    30  1448.92        521611
   220000        7    20  1705.66        409358
   220000        7    25  1554.91        466474
   220000        7    30  1463.67        526920
   240000        5    20  1583.89        380135
   240000        5    25  1403.02        420905
   240000        5    30  1288.37        463814
   240000      5.1    20  1597.18        383324
   240000      5.1    25  1417.03        425110
   240000      5.1    30  1303.08        469109
   240000      5.2    20  1610.53        386527
   240000      5.2    25  1431.12        429337
   240000      5.2    30  1317.87        474432
   240000      5.3    20  1623.94        389745
   240000      5.3    25  1445.28        433585
   240000      5.3    30  1332.73        479783
   240000      5.4    20   1637.4        392977
   240000      5.4    25  1459.51        437854
   240000      5.4    30  1347.67        485163
   240000      5.5    20  1650.93        396223
   240000      5.5    25  1473.81        442143
   240000      5.5    30  1362.69        490570
   240000      5.6    20  1664.51        399483
   240000      5.6    25  1488.18        446453
   240000      5.6    30  1377.79        496004
   240000      5.7    20  1678.16        402758
   240000      5.7    25  1502.61        450784
   240000      5.7    30  1392.96        501466

principal interest years  payment total_payment
   240000      5.8    20  1691.86        406046
   240000      5.8    25  1517.12        455135
   240000      5.8    30  1408.21        506955
   240000      5.9    20  1705.62        409348
   240000      5.9    25  1531.69        459506
   240000      5.9    30  1423.53        512470
   240000        6    20  1719.43        412664
   240000        6    25  1546.32        463897
   240000        6    30  1438.92        518012
   240000      6.1    20  1733.31        415994
   240000      6.1    25  1561.03        468308
   240000      6.1    30  1454.39        523579
   240000      6.2    20  1747.24        419338
   240000      6.2    25   1575.8        472739
   240000      6.2    30  1469.93        529173
   240000      6.3    20  1761.23        422695
   240000      6.3    25  1590.63        477190
   240000      6.3    30  1485.53        534792
   240000      6.4    20  1775.27        426066
   240000      6.4    25  1605.53        481660
   240000      6.4    30  1501.21        540437
   240000      6.5    20  1789.38        429450
   240000      6.5    25   1620.5        486149
   240000      6.5    30  1516.96        546107
   240000      6.6    20  1803.53        432848
   240000      6.6    25  1635.53        490658
   240000      6.6    30  1532.78        551801
   240000      6.7    20  1817.75        436259
   240000      6.7    25  1650.62        495185
   240000      6.7    30  1548.67        557520
   240000      6.8    20  1832.01        439684
   240000      6.8    25  1665.77        499732
   240000      6.8    30  1564.62        563263
   240000      6.9    20  1846.34        443121
   240000      6.9    25  1680.99        504297
   240000      6.9    30  1580.64        569031
   240000        7    20  1860.72        446572
   240000        7    25  1696.27        508881
   240000        7    30  1596.73        574821
   260000        5    20  1715.88        411812
   260000        5    25  1519.93        455980
   260000        5    30  1395.74        502465
   260000      5.1    20  1730.28        415267
   260000      5.1    25  1535.12        460536
   260000      5.1    30  1411.67        508201
   260000      5.2    20  1744.74        418738
   260000      5.2    25  1550.38        465115
   260000      5.2    30  1427.69        513968
   260000      5.3    20  1759.27        422224
   260000      5.3    25  1565.72        469717

principal interest years  payment total_payment
   260000      5.3    30  1443.79        519765
   260000      5.4    20  1773.85        425725
   260000      5.4    25  1581.14        474341
   260000      5.4    30  1459.98        525593
   260000      5.5    20  1788.51        429242
   260000      5.5    25  1596.63        478988
   260000      5.5    30  1476.25        531451
   260000      5.6    20  1803.22        432774
   260000      5.6    25  1612.19        483658
   260000      5.6    30  1492.61        537338
   260000      5.7    20     1818        436321
   260000      5.7    25  1627.83        488349
   260000      5.7    30  1509.04        543255
   260000      5.8    20  1832.85        439883
   260000      5.8    25  1643.54        493063
   260000      5.8    30  1525.56        549201
   260000      5.9    20  1847.75        443461
   260000      5.9    25  1659.33        497798
   260000      5.9    30  1542.15        555176
   260000        6    20  1862.72        447053
   260000        6    25  1675.18        502555
   260000        6    30  1558.83        561179
   260000      6.1    20  1877.75        450660
   260000      6.1    25  1691.11        507334
   260000      6.1    30  1575.59        567211
   260000      6.2    20  1892.84        454283
   260000      6.2    25  1707.11        512134
   260000      6.2    30  1592.42        573271
   260000      6.3    20     1908        457920
   260000      6.3    25  1723.18        516955
   260000      6.3    30  1609.33        579359
   260000      6.4    20  1923.21        461571
   260000      6.4    25  1739.33        521798
   260000      6.4    30  1626.32        585474
   260000      6.5    20  1938.49        465238
   260000      6.5    25  1755.54        526662
   260000      6.5    30  1643.38        591616
   260000      6.6    20  1953.83        468919
   260000      6.6    25  1771.82        531546
   260000      6.6    30  1660.51        597785
   260000      6.7    20  1969.23        472614
   260000      6.7    25  1788.17        536451
   260000      6.7    30  1677.72        603980
   260000      6.8    20  1984.68        476324
   260000      6.8    25  1804.59        541376
   260000      6.8    30  1695.01        610202
   260000      6.9    20   2000.2        480048
   260000      6.9    25  1821.07        546322
   260000      6.9    30  1712.36        616450
   260000        7    20  2015.78        483787

principal interest years  payment total_payment
   260000        7    25  1837.63        551288
   260000        7    30  1729.79        622723
   280000        5    20  1847.88        443490
   280000        5    25  1636.85        491056
   280000        5    30   1503.1        541116
   280000      5.1    20  1863.38        447211
   280000      5.1    25  1653.21        495962
   280000      5.1    30  1520.26        547293
   280000      5.2    20  1878.95        450948
   280000      5.2    25  1669.64        500893
   280000      5.2    30  1537.51        553504
   280000      5.3    20  1894.59        454702
   280000      5.3    25  1686.16        505849
   280000      5.3    30  1554.85        559747
   280000      5.4    20   1910.3        458473
   280000      5.4    25  1702.76        510829
   280000      5.4    30  1572.29        566023
   280000      5.5    20  1926.08        462260
   280000      5.5    25  1719.44        515833
   280000      5.5    30  1589.81        572331
   280000      5.6    20  1941.93        466064
   280000      5.6    25  1736.21        520862
   280000      5.6    30  1607.42        578672
   280000      5.7    20  1957.85        469884
   280000      5.7    25  1753.05        525914
   280000      5.7    30  1625.12        585044
   280000      5.8    20  1973.83        473720
   280000      5.8    25  1769.97        530990
   280000      5.8    30  1642.91        591447
   280000      5.9    20  1989.89        477573
   280000      5.9    25  1786.97        536090
   280000      5.9    30  1660.78        597882
   280000        6    20  2006.01        481442
   280000        6    25  1804.04        541213
   280000        6    30  1678.74        604347
   280000      6.1    20  2022.19        485327
   280000      6.1    25   1821.2        546360
   280000      6.1    30  1696.79        610843
   280000      6.2    20  2038.45        489227
   280000      6.2    25  1838.43        551529
   280000      6.2    30  1714.91        617369
   280000      6.3    20  2054.77        493144
   280000      6.3    25  1855.74        556721
   280000      6.3    30  1733.12        623925
   280000      6.4    20  2071.15        497077
   280000      6.4    25  1873.12        561936
   280000      6.4    30  1751.42        630510
   280000      6.5    20   2087.6        501025
   280000      6.5    25  1890.58        567174
   280000      6.5    30  1769.79        637125

principal interest years  payment total_payment
   280000      6.6    20  2104.12        504989
   280000      6.6    25  1908.11        572434
   280000      6.6    30  1788.24        643768
   280000      6.7    20   2120.7        508969
   280000      6.7    25  1925.72        577716
   280000      6.7    30  1806.78        650440
   280000      6.8    20  2137.35        512964
   280000      6.8    25   1943.4        583021
   280000      6.8    30  1825.39        657141
   280000      6.9    20  2154.06        516975
   280000      6.9    25  1961.16        588347
   280000      6.9    30  1844.08        663869
   280000        7    20  2170.84        521001
   280000        7    25  1978.98        593695
   280000        7    30  1862.85        670625
   300000        5    20  1979.87        475168
   300000        5    25  1753.77        526131
   300000        5    30  1610.46        579767
   300000      5.1    20  1996.48        479155
   300000      5.1    25  1771.29        531388
   300000      5.1    30  1628.85        586386
   300000      5.2    20  2013.16        483159
   300000      5.2    25   1788.9        536671
   300000      5.2    30  1647.33        593040
   300000      5.3    20  2029.92        487181
   300000      5.3    25   1806.6        541981
   300000      5.3    30  1665.91        599729
   300000      5.4    20  2046.75        491221
   300000      5.4    25  1824.39        547317
   300000      5.4    30  1684.59        606453
   300000      5.5    20  2063.66        495279
   300000      5.5    25  1842.26        552679
   300000      5.5    30  1703.37        613212
   300000      5.6    20  2080.64        499354
   300000      5.6    25  1860.22        558066
   300000      5.6    30  1722.24        620005
   300000      5.7    20   2097.7        503447
   300000      5.7    25  1878.27        563480
   300000      5.7    30   1741.2        626832
   300000      5.8    20  2114.82        507557
   300000      5.8    25  1896.39        568918
   300000      5.8    30  1760.26        633693
   300000      5.9    20  2132.02        511685
   300000      5.9    25  1914.61        574382
   300000      5.9    30  1779.41        640587
   300000        6    20  2149.29        515830
   300000        6    25   1932.9        579871
   300000        6    30  1798.65        647515
   300000      6.1    20  2166.64        519993
   300000      6.1    25  1951.28        585385

principal interest years  payment total_payment
   300000      6.1    30  1817.98        654474
   300000      6.2    20  2184.05        524172
   300000      6.2    25  1969.75        590924
   300000      6.2    30  1837.41        661466
   300000      6.3    20  2201.54        528369
   300000      6.3    25  1988.29        596487
   300000      6.3    30  1856.92        668491
   300000      6.4    20  2219.09        532582
   300000      6.4    25  2006.92        602075
   300000      6.4    30  1876.52        675546
   300000      6.5    20  2236.72        536813
   300000      6.5    25  2025.62        607686
   300000      6.5    30   1896.2        682633
   300000      6.6    20  2254.42        541060
   300000      6.6    25  2044.41        613322
   300000      6.6    30  1915.98        689752
   300000      6.7    20  2272.18        545324
   300000      6.7    25  2063.27        618982
   300000      6.7    30  1935.83        696900
   300000      6.8    20  2290.02        549604
   300000      6.8    25  2082.22        624665
   300000      6.8    30  1955.78        704079
   300000      6.9    20  2307.92        553902
   300000      6.9    25  2101.24        630371
   300000      6.9    30   1975.8        711288
   300000        7    20   2325.9        558215
   300000        7    25  2120.34        636101
   300000        7    30  1995.91        718527
